-18.42928 0.00728
-18.37928 0.01689
-18.32928 0.02651
-18.27928 0.03613
-18.22928 0.04574
-18.17928 0.05536
-18.12928 0.06497
-18.07928 0.07459
-18.02928 0.08421
-17.97928 0.09382
-17.92928 0.11530
-17.87928 0.18423
-17.82928 0.25316
-17.77928 0.32209
-17.72928 0.39102
-17.67928 0.45995
-17.62928 0.52888
-17.57928 0.59781
-17.52928 0.66674
-17.47928 0.73566
-17.42928 0.79375
-17.37928 0.80848
-17.32928 0.82321
-17.27928 0.83794
-17.22928 0.85266
-17.17928 0.86739
-17.12928 0.88212
-17.07928 0.89684
-17.02928 0.91157
-16.97928 0.92630
-16.92928 0.93878
-16.87928 0.94230
-16.82928 0.94581
-16.77928 0.94933
-16.72928 0.95284
-16.67928 0.95636
-16.62928 0.95987
-16.57928 0.96339
-16.52928 0.96691
-16.47928 0.97042
0.00000 0.00000
0.00000 0.00000
0.00000 0.00000
0.00000 0.00000
0.00000 0.00000
0.00000 0.00000
0.00000 0.00000
0.00000 0.00000
0.00000 0.00000
0.00000 0.00000
0.00000 0.00000
0.00000 0.00000
0.00000 0.00000
0.00000 0.00000
0.00000 0.00000
0.00000 0.00000
0.00000 0.00000
0.00000 0.00000
0.00000 0.00000
0.00000 0.00000
0.00000 0.00000
0.00000 0.00000
0.00000 0.00000
0.00000 0.00000
0.00000 0.00000
0.00000 0.00000
0.00000 0.00000
0.00000 0.00000
0.00000 0.00000
0.00000 0.00000
0.00000 0.00000
0.00000 0.00000
0.00000 0.00000
0.00000 0.00000
0.00000 0.00000
0.00000 0.00000
0.00000 0.00000
0.00000 0.00000
0.00000 0.00000
0.00000 0.00000
0.00000 0.00000
0.00000 0.00000
0.00000 0.00000
0.00000 0.00000
0.00000 0.00000
0.00000 0.00000
0.00000 0.00000
0.00000 0.00000
0.00000 0.00000
0.00000 0.00000
0.00000 0.00000
0.00000 0.00000
0.00000 0.00000
0.00000 0.00000
0.00000 0.00000
0.00000 0.00000
0.00000 0.00000
0.00000 0.00000
0.00000 0.00000
