-18.09631 0.01383
-18.04631 0.05946
-17.99631 0.10509
-17.94631 0.15073
-17.89631 0.19636
-17.84631 0.24199
-17.79631 0.28763
-17.74631 0.33326
-17.69631 0.37889
-17.64631 0.42453
-17.59631 0.46996
-17.54631 0.51460
-17.49631 0.55924
-17.44631 0.60389
-17.39631 0.64853
-17.34631 0.69317
-17.29631 0.73781
-17.24631 0.78246
-17.19631 0.82710
-17.14631 0.87174
-17.09631 0.90836
-17.04631 0.91290
-16.99631 0.91743
-16.94631 0.92197
-16.89631 0.92651
-16.84631 0.93104
-16.79631 0.93558
-16.74631 0.94012
-16.69631 0.94466
-16.64631 0.94919
-16.59658 0.95304
-16.54658 0.95415
-16.49658 0.95526
-16.44658 0.95637
-16.39658 0.95748
-16.34658 0.95859
-16.29658 0.95970
-16.24658 0.96081
-16.19658 0.96192
-16.14658 0.96303
0.00000 0.00000
0.00000 0.00000
0.00000 0.00000
0.00000 0.00000
0.00000 0.00000
0.00000 0.00000
0.00000 0.00000
0.00000 0.00000
0.00000 0.00000
0.00000 0.00000
0.00000 0.00000
0.00000 0.00000
0.00000 0.00000
0.00000 0.00000
0.00000 0.00000
0.00000 0.00000
0.00000 0.00000
0.00000 0.00000
0.00000 0.00000
0.00000 0.00000
0.00000 0.00000
0.00000 0.00000
0.00000 0.00000
0.00000 0.00000
0.00000 0.00000
0.00000 0.00000
0.00000 0.00000
0.00000 0.00000
0.00000 0.00000
0.00000 0.00000
0.00000 0.00000
0.00000 0.00000
0.00000 0.00000
0.00000 0.00000
0.00000 0.00000
0.00000 0.00000
0.00000 0.00000
0.00000 0.00000
0.00000 0.00000
0.00000 0.00000
0.00000 0.00000
0.00000 0.00000
0.00000 0.00000
0.00000 0.00000
0.00000 0.00000
0.00000 0.00000
0.00000 0.00000
0.00000 0.00000
0.00000 0.00000
0.00000 0.00000
0.00000 0.00000
0.00000 0.00000
0.00000 0.00000
0.00000 0.00000
0.00000 0.00000
0.00000 0.00000
0.00000 0.00000
0.00000 0.00000
0.00000 0.00000
0.00000 0.00000
0.00000 0.00000
0.00000 0.00000
0.00000 0.00000
0.00000 0.00000
0.00000 0.00000
0.00000 0.00000
0.00000 0.00000
0.00000 0.00000
0.00000 0.00000
